457239133
457239134
457239135
457239136
457239137
457239138
457239139
457239140
457239141
457239142
457239143
457239144
457239145
457239146
457239147
457239148
457239149
457239150
457239151
457239152
457239153
457239154
457239155
457239156
457239157
457239158
457239159
457239160
457239161
457239162
457239163
457239164
457239165
457239166
457239167
457239168
457239169
457239170
457239171
457239172
457239173
457239174
457239175
457239176
457239177
457239178
457239179
457239180
457239181
457239182
457239183
457239184